2638698
2647240
2649322
2633993
2636716
2655627
2635150
6690806
2639583
2653256
7303225
2647108
6690591
2652941
6301921
2641591
2636749
2649568
2634010
2647242
2634493
2654141
2634375
2642204
6620310
6691248
2648405
2637435
2637958
2655459
2650517
2652676
2643812
2651048
2638717
2645442
2637853
2633373
2644993
2644577
2654728
2646828
2649963
2640526
2640559
2638878
2643186
2651930
2638027
2653279
2634573
2644726
2636928
2643198
2642974
2653346
2640045
2633808
2643071
2647198
2653290
2653715
2657859
2655664
2654634
2636531
2637487
2637087
2637111
2634617
2651324
2647261
2636049
2641555
2635937
2649210
2648372
6693245
2644559
2651311
3209953
2638600
2647461
2656947
2645163
2651561
2652877
2641599
2647644
2634755
2634032
2654668
2652617
2655785
2635703
2638019
2650628
2652997
2650732
6620355
2633708
2639912
2651181
2643029
2646073
2649715
2637546
2635022
2646658
2646355
2642214
2643116
2647497
2650122
2633709
2642313
2636408
2647655
2646525
2651852
2656792
6695204
2634387
2652861
6615542
2637034
2643064
2655777
2643339
2640729
2644411
2633858
2652618
2651513
2654675
2634677
2651485
2636841
2636910
2638926
2653941
2654710
2637891
2650752
2641689
2655562
2656719
2644487
2650967
2646253
2644100
2637142
2641430
2651123
2655984
2650225
2654187
2640101
2645826
2637126
2655524
2655613
2656046
2641731
2633352
2641557
2634739
2644668
2652002
2643490
2641598
6698331
2655138
2646458
2641157
2647632
2633842
2638664
2653822
2634451
2643567
2636534
2654264
2636616
2656235
2637330
2640354
2639018
2639409
2645753
2636177
2646435
2643003
2652586
2634869
2636066
2654092
2644531
2653192
2645093
2653755
2646393
2657060
2651831
2635412
2645724
2636486
2653266
2654410
2654755
2638324
2644652
2656241
2647400
2656194
2647044
2645889
2639272
2657471
2656406
2647948
2647570
2646867
2651101
2656039
2653775
2645721
2641843
2641546
2653232
2650128
2650096
2638911
2653075
2643027
2640358
2654412
2634715
2647074
2651386
2640377
2636484
2656284
2646274
2648272
2638235
2656168
2655273
2638946
2647101
2640967
2633337
2642534
2635427
2642992
2653584
2638035
2633729
2646613
2643697
2649207
2646411
2640972
2655642
2654817
2641910
2654730
2639563
2642135
2634825
2642902
2636995
2651983
2643314
2646472
2657293
2649258
2652417
2656169
2648559
2645365
2641581
2640312
2634135
2651498
2644849
2655583
2650776
2633651
2656847
2644642
2643553
2656402
2648875
2647662
2642999
2643312
2639083
2657397
2650802
2643144
2637833
2654200
2654269
2645486
2644444
2655210
2654394
2648004
2644081
2646384
2646862
2649955
2643853
2649198
2656615
2654186
2655692
2653224
2638853
2647957
2648370
2646941
2634234
2645660
2636963
2652648
2643016
2636769
2643096
2638248
2639436
2648396
2655117
2640106
2636940
2637350
2649403
2640192
2637124
2657845
2640109
2639996
2645841
2653368
2647303
2634172
2657508
2643625
2653634
2645020
2655886
2644581
2645388
2645198
2653591
2633397
2639265
2637916
2639444
2653043
2634923
2633406
2633485
2633521
2633551
2633553
2633563
2633681
2633691
2633749
2633765
2633771
2633810
2633883
2633912
2633936
2633948
2633954
2633976
2634021
2634096
2634103
2634155
2634202
2634204
2634308
2634340
2634491
2634552
2634578
2634616
2634672
2634686
2634725
2634777
2634843
2634853
2634864
2634873
2634887
2634910
2158020
2163055
2176401
2149645
2162994
2147756
2160774
2078025
7289886
2057897
6943474
2162733
2171586
2208305
2154219
2153778
2168305
2165159
2173911
2169736
2171216
2164206
2177671
2155742
2171085
2162662
2156927
2167050
2172153
2160063
6943556
2173605
2077895
6354929
2065594
2060436
2064735
2068079
2150660
2146142
2066052
2149475
2164149
2177756
2160297
2062338
2163355
2067260
2169956
2164129
2163237
2150163
2206068
7932651
2076378
2145214
2155472
2161311
2069646
2059589
2058430
2205979
2208292
2207809
2158744
2158504
2079692
2154445
2145110
2163137
2072096
2074700
7281805
2156671
2156694
2175974
2173099
2070998
2174003
2158177
2165798
2147714
2146268
2063523
2157995
2208290
2174360
7302259
2153483
2172111
2170852
2172797
2160625
2165087
2177091
2169868
2156340
2074113
2171707
2165478
2160493
2207611
6693769
2153494
2172686
2148627
2158839
2207880
2147336
2158626
2172710
2148928
2066041
2173323
2157373
2152681
2173741
2154787
2175411
2061418
2159851
2206089
2144168
2174467
2205628
2142245
2171507
2160922
2208286
2151437
2176187
2147892
2058682
2156825
2167869
2060886
2176373
2207796
2207783
2142750
2070212
2071601
2174400
2160517
2156643
2068594
2060898
2171948
2158130
2164422
2169535
2158538
2176081
2170577
2146108
2207598
2071059
2176096
2178174
2065740
2156813
2207822
2164837
2162419
2205983
2078904
2173125
2168943
2205631
2160560
2153471
2160258
2206008
2071223
2063191
2174444
2160114
2068655
2208285
2077963
2176088
2158151
2076752
2170253
2144764
2157495
2152361
2208303
2068823
2067119
2157090
2145135
2157698
2144528
2168807
2161715
2167799
2164025
2057277
2162683
2147497
2205969
2156034
2065665
2154796
2077641
2172125
2160386
2207912
2075720
2078313
2160477
2160053
2065176
7932620
2208302
2145875
2150615
2176632
2207817
2166368
7932654
2077729
2207748
2172303
2151776
2153467
2162856
2157109
2167882
2157161
2144502
2177233
2079695
2161658
2160499
2161776
2158562
2068661
2078894
2168556
2142316
2154544
2206007
2078909
2077030
2149349
2143069
2160336
2172832
2164691
2160744
2206003
2172106
2205970
2070830
2161072
2165303
2172311
2151522
2207616
2155542
2078304
2077937
2155796
2205999
2059689
2167879
2077935
2148507
2059124
2060951
2158220
2175819
2157331
2165025
2063030
2077454
2171722
2158767
2152329
2143285
2142747
2075432
2173445
2163837
2075807
2165947
2070571
2149128
2170456
2176313
2144604
2167817
2152286
2075024
2160523
2167263
2164771
2148431
2156934
2158651
2154913
2068856
2063031
2066954
2160070
6621335
2142447
2073603
2160299
2075988
2206000
2176071
6943551
2172349
2164457
2171069
2176225
2156933
2147914
2157355
2070009
2066756
2060604
2074329
2156049
2207762
2169068
2206066
2160519
2205847
2160113
2155415
2070711
2161309
2160910
2165718
2144581
2147344
2150060
2146997
2155862
2145929
2142951
2164972
6695266
2154849
2167949
2147381
2207620
2064768
2162255
2146013
2170089
2206108
2165828
2070884
2163895
2155772
2206116
2164966
2162737
2066981
2171845
2169314
2079686
2161376
2163731
2063036
2152667
2160937
2078908
2068110
2150126
2077719
2177069
2174563
2163701
2066472
2155416
2076699
2151187
2171596
2155783
2162281
2169220
2164855
2062459
2073643
2174933
2078451
2073528
2067565
2170139
2167312
2165326
2159654
2144053
2169990
0000000